221.96666666667
0.38347956989247
229.63333333333
0.3844688172043
-32.3
0.35067096774194
379.43333333333
0.40379784946237
-42.233333333333
0.34938924731183
28.7
0.35854193548387
237.3
0.38545806451613
190.56666666667
0.37942795698925
210.76666666667
0.38203440860215
22
0.35767741935484
69.133333333333
0.36375913978495
145.66666666667
0.37363440860215
206.56666666667
0.38149247311828
-37.866666666667
0.34995268817204
150.3
0.37423225806452
206.3
0.38145806451613
-35.6
0.35024516129032
31.033333333333
0.35884301075269
-70.466666666667
0.34574623655914
190.2
0.37938064516129
58.466666666667
0.36238279569892
86.1
0.36594838709677
123.86666666667
0.37082150537634
324.26666666667
0.39667956989247
79.766666666667
0.3651311827957
308.96666666667
0.39470537634409
256.3
0.38790967741935
279.16666666667
0.39086021505376
120.1
0.37033548387097
381.73333333333
0.40409462365591
332.16666666667
0.39769892473118
104.13333333333
0.3682752688172
195.16666666667
0.38002150537634
37.5
0.35967741935484
308.3
0.39461935483871
287.26666666667
0.39190537634409
-25.6
0.35153548387097
-164.76666666667
0.33357849462366
132.73333333333
0.37196559139785
223.33333333333
0.38365591397849
158.16666666667
0.37524731182796
-175.16666666667
0.33223655913978
310.83333333333
0.39494623655914
-126.06666666667
0.33857204301075
220.1
0.38323870967742
32.3
0.3590064516129
248.73333333333
0.38693333333333
-9.9333333333333
0.35355698924731
186.43333333333
0.37889462365591
-52.7
0.34803870967742
211.63333333333
0.38214623655914
373.93333333333
0.40308817204301
294.13333333333
0.39279139784946
70.233333333333
0.36390107526882
56.5
0.36212903225806
26.766666666667
0.35829247311828
154.26666666667
0.37474408602151
391.03333333333
0.40529462365591
43.066666666667
0.36039569892473
162.9
0.37585806451613
199.26666666667
0.38055053763441
-49.666666666667
0.34843010752688
123.6
0.37078709677419
-191.5
0.33012903225806
53.466666666667
0.3617376344086
-60.5
0.34703225806452
140.43333333333
0.37295913978495
-96.066666666667
0.34244301075269
-13.9
0.35304516129032
141.66666666667
0.37311827956989
92.966666666667
0.36683440860215
100.46666666667
0.36780215053763
43.066666666667
0.36039569892473
53.266666666667
0.36171182795699
210.03333333333
0.38193978494624
247.43333333333
0.38676559139785
90.566666666667
0.3665247311828
102.23333333333
0.36803010752688
229.33333333333
0.38443010752688
293.93333333333
0.39276559139785
-94.8
0.3426064516129
85.566666666667
0.36587956989247
63.6
0.36304516129032
419.7
0.4089935483871
67.366666666667
0.3635311827957
11.5
0.35632258064516
102
0.368
92
0.36670967741935
66.2
0.36338064516129
79.066666666667
0.36504086021505
302
0.3938064516129
116.96666666667
0.3699311827957
45.866666666667
0.36075698924731
141.5
0.37309677419355
63.233333333333
0.36299784946237
44.233333333333
0.36054623655914
221.53333333333
0.38342365591398
80.866666666667
0.36527311827957
-64.633333333333
0.34649892473118
94.7
0.36705806451613
-59.566666666667
0.34715268817204
250.4
0.38714838709677
116.63333333333
0.36988817204301
241.46666666667
0.38599569892473
156.56666666667
0.37504086021505
4.3333333333333
0.35539784946237
-95.666666666667
0.34249462365591
146.3
0.37371612903226
-2.2333333333333
0.35455053763441
-18.233333333333
0.35248602150538
56.066666666667
0.36207311827957
73.2
0.36428387096774
219.03333333333
0.38310107526882
129.46666666667
0.37154408602151
87.266666666667
0.36609892473118
171.36666666667
0.37695053763441
249.23333333333
0.38699784946237
107.13333333333
0.3686623655914
123.26666666667
0.37074408602151
86.166666666667
0.36595698924731
9.4
0.35605161290323
99.533333333333
0.36768172043011
312.66666666667
0.39518279569892
295.36666666667
0.39295053763441
186.23333333333
0.3788688172043
122.06666666667
0.37058924731183
-84.966666666667
0.3438752688172
155.06666666667
0.37484731182796
32.5
0.35903225806452
55.9
0.36205161290323
230.06666666667
0.3845247311828
237
0.38541935483871
122.73333333333
0.3706752688172
108.76666666667
0.36887311827957
-127.3
0.33841290322581
126.46666666667
0.37115698924731
226.2
0.38402580645161
-48.333333333333
0.34860215053763
-145.86666666667
0.33601720430108
-31.1
0.35082580645161
164.33333333333
0.37604301075269
295.66666666667
0.39298924731183
152.66666666667
0.3745376344086
221.03333333333
0.38335913978495
151.83333333333
0.37443010752688
91.1
0.3665935483871
195.66666666667
0.38008602150538
-21.6
0.35205161290323
66.866666666667
0.36346666666667
16.066666666667
0.35691182795699
100.6
0.36781935483871
18.433333333333
0.35721720430108
188.36666666667
0.37914408602151
257
0.388
153.6
0.37465806451613
102.2
0.36802580645161
252.26666666667
0.38738924731183
-54.233333333333
0.34784086021505
58.533333333333
0.36239139784946
-25.966666666667
0.35148817204301
29.933333333333
0.35870107526882
108.9
0.36889032258065
-62.533333333333
0.34676989247312
89.833333333333
0.36643010752688
17.133333333333
0.35704946236559
175.7
0.37750967741935
29.833333333333
0.35868817204301
50.333333333333
0.36133333333333
117.73333333333
0.37003010752688
106.66666666667
0.36860215053763
-50.1
0.34837419354839
369.93333333333
0.40257204301075
37.333333333333
0.35965591397849
-9.6
0.3536
123.2
0.37073548387097
173.76666666667
0.37726021505376
189.46666666667
0.37928602150538
132.8
0.37197419354839
163.13333333333
0.37588817204301
221.13333333333
0.38337204301075
113.06666666667
0.36942795698925
146.83333333333
0.37378494623656
238.66666666667
0.38563440860215
278.7
0.3908
28.233333333333
0.35848172043011
-200.1
0.32901935483871
105.33333333333
0.36843010752688
277.33333333333
0.39062365591398
-102.5
0.34161290322581
128.76666666667
0.37145376344086
188.86666666667
0.37920860215054
156.63333333333
0.37504946236559
58.733333333333
0.36241720430108
244.43333333333
0.38637849462366